64
947
991
213
251
865
352
505
197
937
903
30
887
390
395
820
505
44
40
598
938
141
253
546
580
851
796
511
429
531
538
424
936
378
950
916
865
783
86
615
376
716
333
361
725
779
298
705
50
641
345
622
814
833
316
825
949
872
877
634
741
472
394
21
371
83
539
633
236
854
615
445
368
303
826
335
552
693
588
706
40
619
27
340
256
16
720
714
268
646
647
824
235
724
800
888
229
82
74
989
902
953
335
454
63
269
619
858
492
481
310
828
359
325
721
908
715
61
981
631
341
809
223
597
741
797
687
637
499
684
200
983
611
102
74
645
555
955
595
279
892
642
932
642
419
739
751
36
68
510
495
78
20
518
208
654
805
405
933
552
351
884
504
169
417
623
387
96
982
412
726
818
940
918
234
64
761
754
26
822
294
333
177
834
685
912
86
423
223
433
908
798
166
271
910
968
985
274
352
642
990
428
280
854
137
32
35
810
123
870
156
271
822
503
936
415
116
387
997
556
968
333
137
921
980
496
334
720
841
697
931
16
173
512
974
783
967
155
605
988
262
537
444
114
527
377
912
818
342
220
130
592
355
877
135
351
957
252
285
316
173
553
672
380
193
251
299
787
537
157
666
130
942
937
675
588
694
197
677
645
749
591
440
872
965
349
468
651
878
109
486
585
976
494
741
780
117
578
499
740
252
736
791
841
912
274
439
945
151
952
666
582
6
718
987
447
930
385
986
897
241
922
925
138
599
420
332
634
356
464
314
703
915
586
463
347
166
799
954
732
845
54
164
360
597
48
192
114
197
901
990
277
203
380
687
84
493
271
314
628
740
761
373
775
571
733
568
374
789
948
123
458
948
74
927
199
982
190
226
37
402
76
572
276
425
433
799
147
255
987
955
221
568
586
167
417
903
726
212
861
730
22
35
911
217
954
7
615
558
862
861
787
366
724
712
800
693
325
89
355
408
187
579
794
636
846
748
545
540
185
496
244
911
400
352
30
952
153
455
180
239
692
45
33
957
656
837
951
108
323
425
135
517
301
549
653
132
202
825
739
269
954
24
48
578
231
493
564
788
202
45
171
254
314
511
235
706
547
264
68
451
831
428
220
353
131
703
843
483
281
393
762
695
917
319
683
157
190
158
908
34
627
347
406
912
231
126
749
74
690
805
971
164
894
381
717
745
99
179
57
447
215
728
474
270
766
786
859
638
9
792
748
77
966
110
219
55
820
910
938
592
297
312
1000
5
971
280
399
465
863
925
938
555
545
306
481
652
672
54
250
943
189
430
342
42
336
714
77
424
7
36
526
64
749
332
63
713
922
65
990
812
396
843
10
915
794
156
873
560
729
284
966
414
717
956
78
924
813
978
392
240
972
915
831
944
576
759
501
163
744
173
669
998
126
599
237
259
247
545
119
532
291
267
498
565
30
870
97
272
634
275
112
225
382
311
231
817
910
531
237
729
976
623
97
932
361
734
743
47
859
861
694
429
812
6
946
378
923
393
347
233
457
361
962
841
561
428
242
370
445
332
338
357
567
780
838
690
617
788
37
115
74
253
859
126
318
160
843
568
112
96
8
316
278
624
872
26
529
447
166
805
80
48
698
437
888
590
711
667
618
533
42
435
961
500
122
363
806
86
191
90
394
447
939
812
983
868
840
154
684
315
221
390
675
914
696
916
784
259
377
84
160
541
113
123
363
310
198
201
168
796
52
742
340
827
665
118
727
584
493
716
587
988
795
58
321
965
873
854
546
990
776
576
815
191
976
743
77
551
772
572
72
461
565
119
707
695
861
293
369
633
731
291
108
703
350
52
1000
646
879
582
34
516
984
419
202
904
458
972
226
188
584
255
394
415
590
729
490
399
845
646
387
947
22
773
834
807
376
649
938
952
200
298
189
48
516
155
991
108
628
204
775
168
373
783
658
820
899
927
61
615
451
613
479
402
418
813
498
440
309
37
300
793
38
669
646
718
568
249
872
430
320
876
238
479
616
527
788
897
984
895
825
244
27
421
307
361
284
414
959
958
555
83
42
939
383
115
786
274
945
92
618
332
291
24
830
213
948
68
107
577
770
732
658
825
170
938
569
630
94
566
845
446
108
743
337
971
942
48
772
785
163
741
1
16
58
205
448
631
383
633
117
194
291
2
50
170
644
361
438
891
542
720
177
491
236
414
515
445
200
304
152
893
410
307
201
319
488
765
867
752
27
987
700
766
465
453
799
811
788
382
294
797
767
88
279
641
872
220
988
181
287
775
195
29
977
64
894
228
953
