601
761
716
952
572
842
563
633
619
674
905
855
708
952
865
993
618
583
576
511
507
654
962
914
714
834
715
862
765
947
833
881
736
615
716
788
621
964
698
797
544
831
871
946
752
983
895
882
922
641
737
796
991
613
948
520
790
843
517
959
880
865
583
756
913
622
619
989
969
508
799
970
540
591
816
681
758
777
983
703
510
894
915
793
803
760
950
570
860
756
869
841
675
797
980
842
930
514
769
642
989
723
506
950
609
821
894
603
792
841
980
730
974
533
978
802
898
953
670
769
524
639
937
896
500
1000
897
580
939
646
637
542
671
830
918
966
758
528
905
840
774
867
575
686
793
667
717
512
773
987
834
605
682
520
856
798
628
989
797
570
968
845
720
758
822
689
894
756
864
617
634
855
928
854
761
763
694
859
911
711
765
668
939
947
630
967
769
706
753
982
721
837
769
672
637
785
841
633
718
705
700
782
508
595
724
880
567
951
642
638
608
692
519
916
984
705
962
867
791
906
572
807
680
721
811
723
515
699
536
564
521
811
551
715
981
933
769
975
714
508
519
586
520
963
781
674
773
946
822
840
952
805
607
745
739
513
868
519
820
700
558
736
603
713
563
761
506
977
946
902
809
512
731
615
959
608
623
819
904
818
700
629
604
866
854
571
732
903
980
977
750
632
589
554
529
574
886
827
987
684
747
