11
57
93
20
8
87
87
83
61
53
12
48
18
3
19
32
7
93
43
21
36
49
35
13
96
59
48
44
88
46
8
8
48
92
45
94
81
18
31
61
86
74
39
9
28
96
17
30
48
48
88
11
97
98
10
78
92
74
59
76
77
70
68
75
3
86
77
20
27
66
18
43
5
82
47
54
53
53
87
82
94
44
76
41
54
3
10
13
9
45
10
15
62
21
81
72
60
9
73
25
39
50
68
45
41
18
41
83
28
14
53
86
24
52
47
14
81
78
35
11
47
74
36
60
23
93
44
53
76
83
91
9
23
96
65
99
67
49
45
53
68
87
75
72
51
45
72
67
43
77
17
86
35
32
90
56
28
55
46
96
94
19
9
1
12
97
93
13
25
71
10
88
38
59
45
43
6
2
80
59
60
49
96
20
8
20
92
66
49
75
38
7
71
9
56
89
34
13
73
31
3
61
97
27
19
7
55
14
45
23
79
75
100
86
29
59
71
12
17
11
18
17
36
89
62
14
19
24
88
40
43
5
88
98
2
99
17
79
18
87
85
16
28
18
78
72
11
45
75
14
66
26
42
20
36
21
20
53
67
6
16
85
13
67
28
90
32
23
21
87
48
45
53
93
76
94
64
26
45
1
36
9
7
80
3
57
6
77
96
58
20
33
69
34
90
46
68
61
76
47
23
19
15
39
22
87
74
79
17
85
5
22
79
50
59
61
51
100
99
52
66
25
37
66
90
49
86
44
95
92
58
13
75
38
26
11
99
77
59
22
16
29
83
50
8
56
95
44
44
33
29
10
99
59
31
99
33
43
17
2
57
34
37
38
37
89
97
36
12
92
11
79
27
2
77
48
61
87
42
5
96
19
82
55
98
87
66
64
96
95
44
96
91
19
14
9
96
68
21
14
50
66
50
1
4
83
80
91
36
3
38
69
92
16
37
26
56
78
45
88
84
35
29
38
24
36
9
63
30
91
80
33
77
73
83
84
88
98
37
29
9
25
45
16
76
86
66
5
100
86
93
64
62
21
50
33
85
63
97
95
34
9
52
65
83
65
99
21
31
9
71
5
11
28
19
61
8
74
97
99
70
37
58
36
100
90
98
39
45
15
91
94
47
44
84
62
90
32
17
92
25
32
14
83
6
56
38
40
44
55
6
44
51
90
19
79
35
49
93
17
1
93
94
67
10
22
60
4
2
84
78
24
2
13
14
19
39
62
27
35
84
71
30
28
98
14
13
25
31
80
47
52
55
55
28
84
48
39
4
15
46
36
2
54
34
70
7
97
1
12
45
87
36
28
88
31
4
7
16
99
75
53
76
2
38
75
22
97
75
29
4
31
30
12
8
69
73
77
90
85
96
20
34
54
51
27
47
45
96
47
51
40
97
41
25
77
7
44
75
19
16
46
92
76
23
29
89
38
71
72
25
59
73
46
3
72
35
68
93
2
18
54
79
17
64
96
33
39
69
91
85
38
19
56
29
98
8
26
25
72
39
43
2
63
84
72
52
24
18
30
17
39
95
86
87
74
55
26
59
34
97
2
93
5
32
45
50
17
13
23
100
76
55
32
12
41
79
52
100
11
58
75
44
58
98
81
60
26
16
86
61
96
89
68
2
64
42
41
78
21
55
89
21
41
1
85
95
9
85
77
84
97
49
73
12
40
72
2
86
2
65
65
71
87
36
17
2
48
7
98
80
74
18
30
88
12
38
55
99
11
99
68
3
100
56
21
87
49
16
30
49
53
15
39
67
89
39
82
78
65
62
38
93
41
88
93
55
96
78
54
96
35
67
36
10
95
83
50
92
73
90
67
60
71
86
32
78
72
21
54
33
6
18
10
6
56
95
75
44
62
30
26
27
37
1
25
29
80
26
58
59
33
63
35
80
57
14
64
1
71
27
69
61
92
37
14
52
12
71
69
11
74
56
86
99
37
59
7
8
51
37
63
52
55
98
46
16
39
19
34
3
5
20
71
67
94
81
82
53
45
91
56
66
99
88
91
7
71
67
23
94
77
28
30
55
80
4
46
26
76
73
39
47
80
68
89
86
85
11
73
83
40
95
20
79
73
64
69
21
20
17
